Logistic Regression
[52.95, 55.82, 55.55, 54.59, 54.93, 57.12, 55.75, 57.81, 55.07, 54.86]     55.44     Accuracy
[52.95, 55.83, 55.55, 54.59, 54.94, 57.13, 55.78, 57.81, 55.08, 54.86]     55.45     Precision_macro
[52.95, 55.82, 55.55, 54.59, 54.93, 57.12, 55.75, 57.81, 55.07, 54.86]     55.44     Recall_micro
Nearest Neighbors1
[50.68, 51.3, 50.27, 50.89, 50.07, 51.23, 51.51, 51.03, 50.21, 51.51]     50.87     Accuracy
[51.13, 52.08, 50.62, 51.72, 50.07, 52.09, 52.99, 51.53, 50.41, 52.59]     51.52     Precision_macro
[50.68, 51.3, 50.27, 50.89, 50.07, 51.23, 51.51, 51.03, 50.21, 51.51]     50.87     Recall_micro
Nearest Neighbors3
[51.03, 50.48, 52.26, 50.96, 50.82, 52.4, 50.96, 50.14, 50.34, 49.73]     50.91     Accuracy
[52.08, 50.74, 56.24, 53.38, 51.03, 55.8, 52.8, 50.24, 51.28, 49.3]     52.29     Precision_macro
[51.03, 50.48, 52.26, 50.96, 50.82, 52.4, 50.96, 50.14, 50.34, 49.73]     50.91     Recall_micro
Nearest Neighbors5
[50.75, 50.21, 50.34, 51.3, 51.37, 50.75, 50.41, 51.51, 50.0, 50.14]     50.68     Accuracy
[51.8, 50.46, 51.26, 57.43, 52.7, 52.16, 51.94, 53.24, 50.0, 50.49]     52.15     Precision_macro
[50.75, 50.21, 50.34, 51.3, 51.37, 50.75, 50.41, 51.51, 50.0, 50.14]     50.68     Recall_micro
Linear SVM
[54.25, 55.96, 56.51, 55.14, 56.3, 58.42, 56.3, 57.95, 54.93, 55.14]     56.09     Accuracy
[54.26, 55.96, 56.51, 55.14, 56.31, 58.43, 56.32, 57.95, 54.93, 55.14]     56.1     Precision_macro
[54.25, 55.96, 56.51, 55.14, 56.3, 58.42, 56.3, 57.95, 54.93, 55.14]     56.09     Recall_micro
