Logistic Regression
[53.77, 56.03, 55.62, 54.18, 54.66, 56.58, 55.82, 57.88, 55.34, 54.52]     55.44     Accuracy
[53.77, 56.04, 55.62, 54.18, 54.66, 56.58, 55.85, 57.88, 55.36, 54.52]     55.45     Precision_macro
[53.77, 56.03, 55.62, 54.18, 54.66, 56.58, 55.82, 57.88, 55.34, 54.52]     55.44     Recall_micro
Nearest Neighbors1
[49.93, 48.15, 49.66, 49.18, 49.66, 50.68, 49.11, 52.12, 48.36, 48.97]     49.58     Accuracy
[49.92, 47.96, 36.02, 49.03, 41.58, 50.77, 49.01, 52.43, 48.2, 48.84]     47.38     Precision_macro
[49.93, 48.15, 49.66, 49.18, 49.66, 50.68, 49.11, 52.12, 48.36, 48.97]     49.58     Recall_micro
Nearest Neighbors3
[50.55, 48.42, 50.07, 50.0, 48.77, 50.34, 50.48, 50.21, 50.0, 49.86]     49.87     Accuracy
[52.0, 48.09, 53.59, 50.0, 48.66, 51.53, 52.24, 50.94, 50.0, 49.35]     50.64     Precision_macro
[50.55, 48.42, 50.07, 50.0, 48.77, 50.34, 50.48, 50.21, 50.0, 49.86]     49.87     Recall_micro
Nearest Neighbors5
[51.3, 50.27, 50.0, 50.0, 49.79, 50.62, 50.27, 51.03, 50.0, 50.21]     50.35     Accuracy
[56.85, 51.24, 50.0, 50.0, 49.46, 57.42, 56.32, 58.24, 50.0, 52.64]     53.22     Precision_macro
[51.3, 50.27, 50.0, 50.0, 49.79, 50.62, 50.27, 51.03, 50.0, 50.21]     50.35     Recall_micro
Linear SVM
[53.22, 56.16, 57.12, 54.32, 55.89, 58.29, 56.16, 56.92, 54.45, 55.14]     55.77     Accuracy
[53.23, 56.17, 57.12, 54.32, 55.89, 58.29, 56.18, 56.92, 54.46, 55.14]     55.77     Precision_macro
[53.22, 56.16, 57.12, 54.32, 55.89, 58.29, 56.16, 56.92, 54.45, 55.14]     55.77     Recall_micro
RBF SVM
[50.0, 50.0, 50.0, 50.0, 49.93, 50.0, 50.0, 50.0, 50.0, 50.0]     49.99     Accuracy
[25.0, 25.0, 25.0, 25.0, 24.98, 25.0, 25.0, 25.0, 25.0, 25.0]     25.0     Precision_macro
[50.0, 50.0, 50.0, 50.0, 49.93, 50.0, 50.0, 50.0, 50.0, 50.0]     49.99     Recall_micro
