Logistic Regression
[55.75, 56.78, 53.97, 53.42, 55.21, 55.07, 56.16, 55.48, 55.14, 54.04]     55.1     Accuracy
[55.75, 56.78, 53.97, 53.43, 55.21, 55.07, 56.16, 55.48, 55.14, 54.05]     55.1     Precision_macro
[55.75, 56.78, 53.97, 53.42, 55.21, 55.07, 56.16, 55.48, 55.14, 54.04]     55.1     Recall_micro
Nearest Neighbors1
[57.88, 51.99, 52.74, 54.18, 49.38, 56.03, 55.41, 53.36, 55.41, 56.37]     54.28     Accuracy
[58.79, 53.0, 52.99, 54.56, 49.2, 56.41, 55.89, 53.57, 56.63, 56.67]     54.77     Precision_macro
[57.88, 51.99, 52.74, 54.18, 49.38, 56.03, 55.41, 53.36, 55.41, 56.37]     54.28     Recall_micro
Nearest Neighbors3
[52.12, 50.21, 51.78, 51.1, 51.23, 54.86, 53.7, 52.53, 52.53, 55.07]     52.51     Accuracy
[52.14, 50.26, 51.92, 51.13, 51.58, 54.9, 53.84, 52.54, 53.29, 55.11]     52.67     Precision_macro
[52.12, 50.21, 51.78, 51.1, 51.23, 54.86, 53.7, 52.53, 52.53, 55.07]     52.51     Recall_micro
