Logistic Regression
[55.68, 57.81, 54.79, 54.45, 57.12, 56.85, 57.88, 54.59, 55.14, 55.14]     55.95     Accuracy
[55.69, 57.82, 54.8, 54.45, 57.13, 56.85, 57.89, 54.59, 55.14, 55.14]     55.95     Precision_macro
[55.68, 57.81, 54.79, 54.45, 57.12, 56.85, 57.88, 54.59, 55.14, 55.14]     55.95     Recall_micro
Nearest Neighbors1
[50.68, 48.84, 49.79, 50.55, 50.68, 48.42, 47.95, 51.16, 49.66, 51.23]     49.9     Accuracy
[50.69, 48.82, 49.79, 50.55, 50.69, 48.42, 47.93, 51.17, 49.66, 51.24]     49.9     Precision_macro
[50.68, 48.84, 49.79, 50.55, 50.68, 48.42, 47.95, 51.16, 49.66, 51.23]     49.9     Recall_micro
Nearest Neighbors3
[52.05, 48.63, 49.45, 49.66, 50.07, 48.22, 49.59, 51.3, 51.16, 51.85]     50.2     Accuracy
[52.06, 48.59, 49.45, 49.66, 50.07, 48.22, 49.58, 51.34, 51.19, 51.86]     50.2     Precision_macro
[52.05, 48.63, 49.45, 49.66, 50.07, 48.22, 49.59, 51.3, 51.16, 51.85]     50.2     Recall_micro
Nearest Neighbors5
[52.47, 51.51, 48.77, 49.32, 49.93, 48.08, 50.07, 51.71, 52.6, 52.88]     50.73     Accuracy
[52.48, 51.56, 48.76, 49.31, 49.93, 48.08, 50.07, 51.8, 52.69, 52.93]     50.76     Precision_macro
[52.47, 51.51, 48.77, 49.32, 49.93, 48.08, 50.07, 51.71, 52.6, 52.88]     50.73     Recall_micro
Linear SVM
[55.82, 57.05, 55.75, 54.38, 56.1, 57.19, 56.58, 55.27, 55.75, 54.52]     55.84     Accuracy
[55.83, 57.08, 55.76, 54.39, 56.1, 57.2, 56.6, 55.28, 55.76, 54.52]     55.85     Precision_macro
[55.82, 57.05, 55.75, 54.38, 56.1, 57.19, 56.58, 55.27, 55.75, 54.52]     55.84     Recall_micro
RBF SVM
[49.93, 49.93, 49.79, 50.0, 49.73, 49.93, 49.93, 49.79, 50.0, 50.0]     49.9     Accuracy
[24.98, 24.98, 24.95, 25.0, 24.93, 24.98, 41.65, 24.95, 25.0, 25.0]     26.64     Precision_macro
[49.93, 49.93, 49.79, 50.0, 49.73, 49.93, 49.93, 49.79, 50.0, 50.0]     49.9     Recall_micro
Gaussian Process
[50.68, 48.97, 49.93, 50.55, 50.75, 48.49, 48.22, 51.23, 49.79, 51.3]     49.99     Accuracy
[50.68, 48.96, 49.93, 50.55, 50.76, 48.49, 48.21, 51.24, 49.79, 51.31]     49.99     Precision_macro
[50.68, 48.97, 49.93, 50.55, 50.75, 48.49, 48.22, 51.23, 49.79, 51.3]     49.99     Recall_micro
Decision Tree
[51.03, 52.19, 53.15, 51.23, 51.64, 54.25, 51.64, 50.82, 50.89, 51.1]     51.79     Accuracy
[51.04, 52.22, 53.48, 51.24, 51.65, 54.25, 51.78, 50.82, 50.89, 51.1]     51.85     Precision_macro
[51.03, 52.19, 53.15, 51.23, 51.64, 54.25, 51.64, 50.82, 50.89, 51.1]     51.79     Recall_micro
Random Forest
[51.58, 52.19, 53.29, 54.73, 55.48, 51.78, 54.52, 53.22, 50.75, 52.19]     52.97     Accuracy
[51.58, 52.23, 53.29, 54.75, 55.48, 51.78, 54.52, 53.23, 50.76, 52.2]     52.98     Precision_macro
[51.58, 52.19, 53.29, 54.73, 55.48, 51.78, 54.52, 53.22, 50.75, 52.19]     52.97     Recall_micro
Neural Net
[54.66, 55.07, 55.34, 54.79, 56.37, 53.63, 57.12, 53.84, 53.77, 53.01]     54.76     Accuracy
[54.92, 55.27, 55.65, 55.04, 56.52, 53.65, 57.16, 53.92, 53.9, 53.22]     54.92     Precision_macro
[54.66, 55.07, 55.34, 54.79, 56.37, 53.63, 57.12, 53.84, 53.77, 53.01]     54.76     Recall_micro
AdaBoost
[53.7, 56.37, 55.0, 53.42, 55.07, 55.82, 57.74, 53.49, 54.93, 55.82]     55.14     Accuracy
[53.71, 56.37, 55.0, 53.42, 55.07, 55.82, 57.74, 53.5, 54.95, 55.82]     55.14     Precision_macro
[53.7, 56.37, 55.0, 53.42, 55.07, 55.82, 57.74, 53.49, 54.93, 55.82]     55.14     Recall_micro
Naive Bayes
[58.42, 60.48, 58.49, 57.74, 60.41, 61.37, 59.45, 57.05, 56.1, 58.7]     58.82     Accuracy
[58.43, 60.49, 58.49, 57.75, 60.45, 61.44, 59.47, 57.06, 56.1, 58.71]     58.84     Precision_macro
[58.42, 60.48, 58.49, 57.74, 60.41, 61.37, 59.45, 57.05, 56.1, 58.7]     58.82     Recall_micro
QDA
[53.36, 54.25, 54.25, 53.01, 51.58, 55.07, 52.47, 53.56, 53.56, 52.47]     53.36     Accuracy
[53.38, 54.27, 54.33, 53.03, 51.6, 55.1, 52.49, 53.59, 53.64, 52.51]     53.39     Precision_macro
[53.36, 54.25, 54.25, 53.01, 51.58, 55.07, 52.47, 53.56, 53.56, 52.47]     53.36     Recall_micro
