Logistic Regression
[55.75, 57.81, 55.0, 54.38, 57.05, 56.78, 57.88, 54.59, 55.14, 55.21]     55.96     Accuracy
[55.75, 57.82, 55.0, 54.38, 57.07, 56.78, 57.89, 54.59, 55.14, 55.21]     55.96     Precision_macro
[55.75, 57.81, 55.0, 54.38, 57.05, 56.78, 57.88, 54.59, 55.14, 55.21]     55.96     Recall_micro
Nearest Neighbors1
[57.47, 52.05, 52.88, 53.7, 50.48, 56.3, 56.3, 53.63, 55.68, 55.55]     54.4     Accuracy
[57.93, 52.7, 52.98, 53.95, 50.71, 56.44, 56.48, 53.74, 56.64, 55.64]     54.72     Precision_macro
[57.47, 52.05, 52.88, 53.7, 50.48, 56.3, 56.3, 53.63, 55.68, 55.55]     54.4     Recall_micro
Nearest Neighbors3
[50.75, 49.86, 51.3, 49.73, 50.68, 52.05, 52.4, 52.74, 51.1, 54.52]     51.51     Accuracy
[50.76, 49.86, 51.3, 49.72, 51.06, 52.08, 52.4, 52.79, 51.2, 54.54]     51.57     Precision_macro
[50.75, 49.86, 51.3, 49.73, 50.68, 52.05, 52.4, 52.74, 51.1, 54.52]     51.51     Recall_micro
Nearest Neighbors5
[48.97, 49.32, 50.07, 51.64, 48.01, 51.16, 50.82, 52.12, 51.71, 50.96]     50.48     Accuracy
[48.93, 49.31, 50.07, 51.66, 47.14, 51.2, 50.82, 52.28, 51.88, 50.99]     50.43     Precision_macro
[48.97, 49.32, 50.07, 51.64, 48.01, 51.16, 50.82, 52.12, 51.71, 50.96]     50.48     Recall_micro
Linear SVM
[55.75, 56.51, 55.48, 55.07, 56.71, 57.4, 56.92, 55.89, 55.48, 54.66]     55.99     Accuracy
[55.76, 56.51, 55.49, 55.07, 56.72, 57.4, 56.94, 55.89, 55.49, 54.66]     55.99     Precision_macro
[55.75, 56.51, 55.48, 55.07, 56.71, 57.4, 56.92, 55.89, 55.48, 54.66]     55.99     Recall_micro
RBF SVM
[50.0, 50.0, 50.0, 50.0, 49.93, 50.0, 50.0, 50.0, 50.0, 50.0]     49.99     Accuracy
[25.0, 25.0, 25.0, 25.0, 24.98, 25.0, 25.0, 25.0, 25.0, 25.0]     25.0     Precision_macro
[50.0, 50.0, 50.0, 50.0, 49.93, 50.0, 50.0, 50.0, 50.0, 50.0]     49.99     Recall_micro
Gaussian Process
[49.32, 50.48, 50.14, 49.11, 49.73, 50.34, 49.59, 50.21, 49.66, 49.86]     49.84     Accuracy
[40.9, 54.01, 51.29, 39.92, 39.93, 54.72, 43.65, 52.33, 46.86, 47.47]     47.11     Precision_macro
[49.32, 50.48, 50.14, 49.11, 49.73, 50.34, 49.59, 50.21, 49.66, 49.86]     49.84     Recall_micro
Decision Tree
[51.03, 52.19, 53.22, 51.3, 51.64, 54.25, 51.71, 50.82, 50.96, 51.03]     51.82     Accuracy
[51.04, 52.22, 53.56, 51.3, 51.65, 54.25, 51.85, 50.82, 50.96, 51.03]     51.87     Precision_macro
[51.03, 52.19, 53.22, 51.3, 51.64, 54.25, 51.71, 50.82, 50.96, 51.03]     51.82     Recall_micro
Random Forest
[56.1, 54.04, 53.63, 54.11, 53.42, 54.52, 55.27, 52.67, 52.53, 55.55]     54.18     Accuracy
[56.15, 54.05, 53.63, 54.11, 53.53, 54.56, 55.29, 52.67, 52.55, 55.55]     54.21     Precision_macro
[56.1, 54.04, 53.63, 54.11, 53.42, 54.52, 55.27, 52.67, 52.53, 55.55]     54.18     Recall_micro
Neural Net
[57.67, 56.99, 54.45, 55.75, 55.34, 56.03, 55.48, 55.68, 55.62, 53.56]     55.66     Accuracy
[57.69, 56.99, 54.46, 55.76, 55.34, 56.03, 55.49, 55.69, 55.62, 53.57]     55.66     Precision_macro
[57.67, 56.99, 54.45, 55.75, 55.34, 56.03, 55.48, 55.68, 55.62, 53.56]     55.66     Recall_micro
AdaBoost
[53.7, 56.37, 55.0, 53.42, 55.07, 55.82, 57.74, 53.49, 54.93, 55.82]     55.14     Accuracy
[53.71, 56.37, 55.0, 53.42, 55.07, 55.82, 57.74, 53.5, 54.95, 55.82]     55.14     Precision_macro
[53.7, 56.37, 55.0, 53.42, 55.07, 55.82, 57.74, 53.49, 54.93, 55.82]     55.14     Recall_micro
Naive Bayes
[58.42, 60.48, 58.49, 57.74, 60.41, 61.37, 59.45, 57.05, 56.1, 58.7]     58.82     Accuracy
[58.43, 60.49, 58.49, 57.75, 60.45, 61.44, 59.47, 57.06, 56.1, 58.71]     58.84     Precision_macro
[58.42, 60.48, 58.49, 57.74, 60.41, 61.37, 59.45, 57.05, 56.1, 58.7]     58.82     Recall_micro
QDA
[53.36, 54.25, 54.25, 53.01, 51.58, 55.07, 52.47, 53.56, 53.56, 52.47]     53.36     Accuracy
[53.38, 54.27, 54.33, 53.03, 51.6, 55.1, 52.49, 53.59, 53.64, 52.51]     53.39     Precision_macro
[53.36, 54.25, 54.25, 53.01, 51.58, 55.07, 52.47, 53.56, 53.56, 52.47]     53.36     Recall_micro
