Logistic Regression
[55.89, 55.41, 56.4, 55.58, 55.27]     55.71     Accuracy
[55.89, 55.41, 56.4, 55.59, 55.27]     55.71     Precision_macro
[55.89, 55.41, 56.4, 55.58, 55.27]     55.71     Recall_micro
Nearest Neighbors1
[49.11, 50.0, 49.45, 49.42, 50.75]     49.75     Accuracy
[49.11, 50.0, 49.45, 49.41, 50.76]     49.75     Precision_macro
[49.11, 50.0, 49.45, 49.42, 50.75]     49.75     Recall_micro
Nearest Neighbors3
[50.03, 49.11, 48.73, 50.27, 52.26]     50.08     Accuracy
[50.03, 49.11, 48.73, 50.28, 52.3]     50.09     Precision_macro
[50.03, 49.11, 48.73, 50.27, 52.26]     50.08     Recall_micro
Nearest Neighbors5
[51.13, 48.77, 49.25, 50.89, 52.77]     50.56     Accuracy
[51.15, 48.76, 49.24, 50.94, 52.83]     50.58     Precision_macro
[51.13, 48.77, 49.25, 50.89, 52.77]     50.56     Recall_micro
Linear SVM
[55.68, 54.76, 57.16, 55.89, 55.45]     55.79     Accuracy
[55.69, 54.76, 57.16, 55.9, 55.45]     55.79     Precision_macro
[55.68, 54.76, 57.16, 55.89, 55.45]     55.79     Recall_micro
RBF SVM
[49.93, 49.93, 49.86, 49.9, 50.0]     49.92     Accuracy
[24.98, 24.98, 24.97, 34.97, 25.0]     26.98     Precision_macro
[49.93, 49.93, 49.86, 49.9, 50.0]     49.92     Recall_micro
Gaussian Process
[49.08, 49.86, 49.45, 49.49, 50.86]     49.75     Accuracy
[49.07, 49.86, 49.45, 49.48, 50.87]     49.75     Precision_macro
[49.08, 49.86, 49.45, 49.49, 50.86]     49.75     Recall_micro
Decision Tree
[51.85, 53.08, 53.01, 51.3, 52.16]     52.28     Accuracy
[52.11, 53.1, 53.1, 52.26, 52.32]     52.58     Precision_macro
[51.85, 53.08, 53.01, 51.3, 52.16]     52.28     Recall_micro
Random Forest
[54.42, 53.56, 53.25, 52.95, 52.98]     53.43     Accuracy
[54.42, 53.58, 53.26, 52.95, 53.01]     53.44     Precision_macro
[54.42, 53.56, 53.25, 52.95, 52.98]     53.43     Recall_micro
Neural Net
[56.44, 53.46, 54.83, 55.92, 54.52]     55.03     Accuracy
[56.74, 53.76, 55.1, 56.04, 54.62]     55.25     Precision_macro
[56.44, 53.46, 54.83, 55.92, 54.52]     55.03     Recall_micro
AdaBoost
[56.71, 54.86, 56.2, 55.45, 55.38]     55.72     Accuracy
[56.72, 54.86, 56.21, 55.45, 55.38]     55.72     Precision_macro
[56.71, 54.86, 56.2, 55.45, 55.38]     55.72     Recall_micro
Naive Bayes
[59.79, 57.84, 61.06, 58.22, 57.29]     58.84     Accuracy
[59.8, 57.86, 61.12, 58.23, 57.3]     58.86     Precision_macro
[59.79, 57.84, 61.06, 58.22, 57.29]     58.84     Recall_micro
QDA
[52.77, 52.71, 53.22, 51.16, 52.71]     52.51     Accuracy
[52.79, 52.75, 53.26, 51.18, 52.75]     52.55     Precision_macro
[52.77, 52.71, 53.22, 51.16, 52.71]     52.51     Recall_micro
