Logistic Regression
[55.86, 55.41, 56.4, 55.51, 55.27]     55.69     Accuracy
[55.86, 55.41, 56.4, 55.52, 55.27]     55.69     Precision_macro
[55.86, 55.41, 56.4, 55.51, 55.27]     55.69     Recall_micro
Nearest Neighbors1
[52.67, 53.18, 49.9, 54.83, 55.75]     53.27     Accuracy
[53.57, 53.38, 49.84, 54.95, 56.27]     53.6     Precision_macro
[52.67, 53.18, 49.9, 54.83, 55.75]     53.27     Recall_micro
Nearest Neighbors3
[48.49, 51.2, 49.59, 52.36, 53.22]     50.97     Accuracy
[48.47, 51.24, 49.32, 52.4, 53.48]     50.98     Precision_macro
[48.49, 51.2, 49.59, 52.36, 53.22]     50.97     Recall_micro
Nearest Neighbors5
[47.81, 51.99, 47.98, 51.51, 52.57]     50.37     Accuracy
[47.81, 52.15, 46.89, 51.58, 52.78]     50.24     Precision_macro
[47.81, 51.99, 47.98, 51.51, 52.57]     50.37     Recall_micro
Linear SVM
[56.44, 55.1, 56.68, 55.79, 55.62]     55.93     Accuracy
[56.44, 55.1, 56.68, 55.8, 55.62]     55.93     Precision_macro
[56.44, 55.1, 56.68, 55.79, 55.62]     55.93     Recall_micro
RBF SVM
[50.0, 50.0, 49.97, 50.0, 50.0]     49.99     Accuracy
[25.0, 25.0, 24.99, 25.0, 25.0]     25.0     Precision_macro
[50.0, 50.0, 49.97, 50.0, 50.0]     49.99     Recall_micro
Gaussian Process
[49.9, 49.45, 49.9, 49.93, 49.73]     49.78     Accuracy
[48.95, 44.45, 47.2, 49.09, 46.08]     47.15     Precision_macro
[49.9, 49.45, 49.9, 49.93, 49.73]     49.78     Recall_micro
Decision Tree
[51.92, 53.08, 53.08, 51.23, 52.29]     52.32     Accuracy
[52.19, 53.1, 53.17, 52.15, 52.47]     52.62     Precision_macro
[51.92, 53.08, 53.08, 51.23, 52.29]     52.32     Recall_micro
Random Forest
[54.14, 53.7, 53.77, 52.36, 51.44]     53.08     Accuracy
[54.16, 53.7, 53.77, 52.4, 51.45]     53.1     Precision_macro
[54.14, 53.7, 53.77, 52.36, 51.44]     53.08     Recall_micro
Neural Net
[56.03, 55.48, 55.92, 54.42, 54.73]     55.32     Accuracy
[56.03, 55.48, 55.92, 54.42, 54.73]     55.32     Precision_macro
[56.03, 55.48, 55.92, 54.42, 54.73]     55.32     Recall_micro
AdaBoost
[56.71, 54.9, 56.2, 55.45, 55.38]     55.73     Accuracy
[56.72, 54.9, 56.21, 55.45, 55.38]     55.73     Precision_macro
[56.71, 54.9, 56.2, 55.45, 55.38]     55.73     Recall_micro
Naive Bayes
[59.79, 57.84, 61.06, 58.22, 57.29]     58.84     Accuracy
[59.8, 57.86, 61.12, 58.23, 57.3]     58.86     Precision_macro
[59.79, 57.84, 61.06, 58.22, 57.29]     58.84     Recall_micro
QDA
[52.77, 52.71, 53.22, 51.16, 52.71]     52.51     Accuracy
[52.79, 52.75, 53.26, 51.18, 52.75]     52.55     Precision_macro
[52.77, 52.71, 53.22, 51.16, 52.71]     52.51     Recall_micro
